image_width: 960
image_height: 540
camera_name: csi_cam
camera_matrix:
  rows: 3
  cols: 3
  data: [592.8294687604392, 0, 470.80736153777775, 0, 591.3829570835231, 284.9549632300007, 0, 0, 1]
distortion_model: "equidistant"
distortion_coefficients:
  rows: 1
  cols: 4
  data: [-0.01899308283798118, -0.03722902268521321, 0.04261249869100761, -0.022664243516256122]
rectification_matrix:
  rows: 3
  cols: 3
  data: [1, 0, 0, 0, 1, 0, 0, 0, 1]
projection_matrix:
  rows: 3
  cols: 4
  data: [592.8294687604392, 0, 470.80736153777775, 0, 0, 591.3829570835231, 284.9549632300007, 0, 0, 0, 1, 0]
